lEOSIM LOG

1.07106     -2.15961      1.06803      -0.2618      0.23794    -0.609729   5.3124e-05 -1.18169e-06

0.920664   8.27792   1.31432 -0.252348 - 0.111971 ->      1.07342     -2.15727      1.06802    -0.261802  -6.7875e-05     0.163307  1.93693e-05 -2.80999e-05

0.90254   8.27007   1.36872 -0.249418 - 1.01974 ->      1.07342     -2.13877      1.06803    -0.261804 -0.000112604     0.398853  4.13393e-05 -4.91512e-05

0.0270306   7.43626  0.845138 -0.161242 - 0.672008 ->      1.07014     -2.12176      1.06803    -0.261805     0.041313      0.43059  8.23763e-05 -2.46628e-05

-0.569614   6.77014  0.486784 -0.100593 - 1.47827 ->      1.07014      -2.0898      1.06804    -0.261806    0.0321887     0.576764  8.97685e-05 -1.21713e-05

....

-1.02006   4.75132  0.115696 -0.122314 - -0.00222823 ->      1.07014     -2.01719       1.0681    -0.261812  4.45558e-06  8.16165e-05  5.56951e-05 -1.02314e-05


RBDL model:
-2.39932   5.20537 -0.861748 -0.178312 - 0 ->      1.19147     -2.12325      1.08351    -0.271038   -0.0108338 -0.000590888    0.0111006   -0.0220495
